DOF	RowCount	RowFraction	Column3	logLikelihoodRatio	Pvalue	ln(Pvalue)
1				0	1	0
1	0	-1	-2	0.01	0.887537084	-0.119304974
1	1	-0.998	-1.996	0.010092529	0.887021454	-0.11988611
1	2	-0.996	-1.992	0.010185914	0.886503492	-0.120470214
1	3	-0.994	-1.988	0.010280163	0.885983188	-0.121057303
1	4	-0.992	-1.984	0.010375284	0.885460533	-0.121647394
1	5	-0.99	-1.98	0.010471285	0.884935514	-0.122240502
1	6	-0.988	-1.976	0.010568175	0.884408124	-0.122836645
1	7	-0.986	-1.972	0.010665961	0.88387835	-0.123435839
1	8	-0.984	-1.968	0.010764652	0.883346184	-0.124038101
1	9	-0.982	-1.964	0.010864256	0.882811614	-0.124643449
1	10	-0.98	-1.96	0.010964782	0.88227463	-0.125251899
1	11	-0.978	-1.956	0.011066238	0.881735222	-0.125863469
1	12	-0.976	-1.952	0.011168632	0.88119338	-0.126478176
1	13	-0.974	-1.948	0.011271975	0.880649093	-0.127096038
1	14	-0.972	-1.944	0.011376273	0.88010235	-0.127717072
1	15	-0.97	-1.94	0.011481536	0.879553141	-0.128341295
1	16	-0.968	-1.936	0.011587774	0.879001455	-0.128968726
1	17	-0.966	-1.932	0.011694994	0.878447282	-0.129599382
1	18	-0.964	-1.928	0.011803206	0.877890611	-0.130233282
1	19	-0.962	-1.924	0.01191242	0.877331432	-0.130870443
1	20	-0.96	-1.92	0.012022644	0.876769733	-0.131510884
1	21	-0.958	-1.916	0.012133889	0.876205503	-0.132154623
1	22	-0.956	-1.912	0.012246162	0.875638733	-0.132801678
1	23	-0.954	-1.908	0.012359474	0.875069411	-0.133452069
1	24	-0.952	-1.904	0.012473835	0.874497526	-0.134105814
1	25	-0.95	-1.9	0.012589254	0.873923067	-0.134762931
1	26	-0.948	-1.896	0.012705741	0.873346024	-0.13542344
1	27	-0.946	-1.892	0.012823306	0.872766385	-0.136087359
1	28	-0.944	-1.888	0.012941958	0.872184139	-0.136754708
1	29	-0.942	-1.884	0.013061709	0.871599276	-0.137425507
1	30	-0.94	-1.88	0.013182567	0.871011783	-0.138099774
1	31	-0.938	-1.876	0.013304544	0.870421651	-0.138777529
1	32	-0.936	-1.872	0.01342765	0.869828867	-0.139458791
1	33	-0.934	-1.868	0.013551894	0.869233421	-0.140143581
1	34	-0.932	-1.864	0.013677288	0.868635301	-0.140831919
1	35	-0.93	-1.86	0.013803843	0.868034495	-0.141523824
1	36	-0.928	-1.856	0.013931568	0.867430994	-0.142219316
1	37	-0.926	-1.852	0.014060475	0.866824784	-0.142918417
1	38	-0.924	-1.848	0.014190575	0.866215855	-0.143621146
1	39	-0.922	-1.844	0.014321879	0.865604196	-0.144327524
1	40	-0.92	-1.84	0.014454398	0.864989794	-0.145037571
1	41	-0.918	-1.836	0.014588143	0.864372639	-0.145751309
1	42	-0.916	-1.832	0.014723125	0.863752718	-0.146468758
1	43	-0.914	-1.828	0.014859356	0.86313002	-0.147189939
1	44	-0.912	-1.824	0.014996848	0.862504533	-0.147914874
1	45	-0.91	-1.82	0.015135612	0.861876246	-0.148643584
1	46	-0.908	-1.816	0.015275661	0.861245147	-0.149376091
1	47	-0.906	-1.812	0.015417005	0.860611225	-0.150112416
1	48	-0.904	-1.808	0.015559656	0.859974466	-0.15085258
1	49	-0.902	-1.804	0.015703628	0.859334861	-0.151596607
1	50	-0.9	-1.8	0.015848932	0.858692395	-0.152344517
1	51	-0.898	-1.796	0.01599558	0.858047059	-0.153096334
1	52	-0.896	-1.792	0.016143586	0.857398839	-0.153852079
1	53	-0.894	-1.788	0.01629296	0.856747724	-0.154611775
1	54	-0.892	-1.784	0.016443717	0.856093702	-0.155375444
1	55	-0.89	-1.78	0.016595869	0.85543676	-0.156143109
1	56	-0.888	-1.776	0.016749429	0.854776888	-0.156914794
1	57	-0.886	-1.772	0.016904409	0.854114071	-0.157690521
1	58	-0.884	-1.768	0.017060824	0.853448299	-0.158470314
1	59	-0.882	-1.764	0.017218686	0.852779559	-0.159254196
1	60	-0.88	-1.76	0.017378008	0.852107838	-0.16004219
1	61	-0.878	-1.756	0.017538805	0.851433125	-0.16083432
1	62	-0.876	-1.752	0.01770109	0.850755407	-0.16163061
1	63	-0.874	-1.748	0.017864876	0.850074672	-0.162431084
1	64	-0.872	-1.744	0.018030177	0.849390908	-0.163235766
1	65	-0.87	-1.74	0.018197009	0.848704101	-0.16404468
1	66	-0.868	-1.736	0.018365383	0.84801424	-0.164857851
1	67	-0.866	-1.732	0.018535316	0.847321311	-0.165675304
1	68	-0.864	-1.728	0.018706821	0.846625304	-0.166497063
1	69	-0.862	-1.724	0.018879913	0.845926204	-0.167323153
1	70	-0.86	-1.72	0.019054607	0.845223999	-0.168153599
1	71	-0.858	-1.716	0.019230917	0.844518677	-0.168988427
1	72	-0.856	-1.712	0.019408859	0.843810224	-0.169827662
1	73	-0.854	-1.708	0.019588447	0.843098629	-0.17067133
1	74	-0.852	-1.704	0.019769696	0.842383878	-0.171519456
1	75	-0.85	-1.7	0.019952623	0.841665959	-0.172372067
1	76	-0.848	-1.696	0.020137242	0.840944859	-0.173229188
1	77	-0.846	-1.692	0.02032357	0.840220564	-0.174090845
1	78	-0.844	-1.688	0.020511622	0.839493063	-0.174957066
1	79	-0.842	-1.684	0.020701413	0.838762341	-0.175827877
1	80	-0.84	-1.68	0.020892961	0.838028387	-0.176703305
1	81	-0.838	-1.676	0.021086281	0.837291187	-0.177583376
1	82	-0.836	-1.672	0.02128139	0.836550727	-0.178468118
1	83	-0.834	-1.668	0.021478305	0.835806996	-0.179357558
1	84	-0.832	-1.664	0.021677041	0.83505998	-0.180251725
1	85	-0.83	-1.66	0.021877616	0.834309665	-0.181150644
1	86	-0.828	-1.656	0.022080047	0.833556039	-0.182054346
1	87	-0.826	-1.652	0.022284351	0.832799089	-0.182962856
1	88	-0.824	-1.648	0.022490546	0.8320388	-0.183876205
1	89	-0.822	-1.644	0.022698649	0.83127516	-0.184794419
1	90	-0.82	-1.64	0.022908677	0.830508156	-0.185717529
1	91	-0.818	-1.636	0.023120648	0.829737775	-0.186645562
1	92	-0.816	-1.632	0.023334581	0.828964002	-0.187578549
1	93	-0.814	-1.628	0.023550493	0.828186824	-0.188516517
1	94	-0.812	-1.624	0.023768403	0.827406229	-0.189459497
1	95	-0.81	-1.62	0.023988329	0.826622202	-0.190407518
1	96	-0.808	-1.616	0.02421029	0.82583473	-0.19136061
1	97	-0.806	-1.612	0.024434306	0.8250438	-0.192318803
1	98	-0.804	-1.608	0.024660393	0.824249398	-0.193282127
1	99	-0.802	-1.604	0.024888573	0.82345151	-0.194250614
1	100	-0.8	-1.6	0.025118864	0.822650123	-0.195224292
1	101	-0.798	-1.596	0.025351286	0.821845224	-0.196203194
1	102	-0.796	-1.592	0.025585859	0.821036798	-0.19718735
1	103	-0.794	-1.588	0.025822602	0.820224832	-0.198176791
1	104	-0.792	-1.584	0.026061535	0.819409311	-0.19917155
1	105	-0.79	-1.58	0.02630268	0.818590224	-0.200171658
1	106	-0.788	-1.576	0.026546056	0.817767555	-0.201177146
1	107	-0.786	-1.572	0.026791683	0.81694129	-0.202188047
1	108	-0.784	-1.568	0.027039584	0.816111417	-0.203204393
1	109	-0.782	-1.564	0.027289778	0.81527792	-0.204226217
1	110	-0.78	-1.56	0.027542287	0.814440787	-0.205253552
1	111	-0.778	-1.556	0.027797133	0.813600003	-0.20628643
1	112	-0.776	-1.552	0.028054336	0.812755555	-0.207324885
1	113	-0.774	-1.548	0.02831392	0.811907428	-0.208368951
1	114	-0.772	-1.544	0.028575905	0.811055608	-0.20941866
1	115	-0.77	-1.54	0.028840315	0.810200082	-0.210474047
1	116	-0.768	-1.536	0.029107171	0.809340835	-0.211535147
1	117	-0.766	-1.532	0.029376497	0.808477853	-0.212601993
1	118	-0.764	-1.528	0.029648314	0.807611122	-0.213674621
1	119	-0.762	-1.524	0.029922646	0.806740629	-0.214753064
1	120	-0.76	-1.52	0.030199517	0.805866358	-0.215837359
1	121	-0.758	-1.516	0.03047895	0.804988297	-0.21692754
1	122	-0.756	-1.512	0.030760968	0.80410643	-0.218023643
1	123	-0.754	-1.508	0.031045596	0.803220743	-0.219125705
1	124	-0.752	-1.504	0.031332857	0.802331223	-0.22023376
1	125	-0.75	-1.5	0.031622777	0.801437855	-0.221347846
1	126	-0.748	-1.496	0.031915379	0.800540624	-0.222467999
1	127	-0.746	-1.492	0.032210688	0.799639517	-0.223594257
1	128	-0.744	-1.488	0.03250873	0.798734519	-0.224726655
1	129	-0.742	-1.484	0.032809529	0.797825616	-0.225865231
1	130	-0.74	-1.48	0.033113112	0.796912794	-0.227010024
1	131	-0.738	-1.476	0.033419504	0.795996038	-0.228161071
1	132	-0.736	-1.472	0.033728731	0.795075334	-0.229318409
1	133	-0.734	-1.468	0.034040819	0.794150667	-0.230482079
1	134	-0.732	-1.464	0.034355795	0.793222023	-0.231652117
1	135	-0.73	-1.46	0.034673685	0.792289389	-0.232828564
1	136	-0.728	-1.456	0.034994517	0.791352748	-0.234011458
1	137	-0.726	-1.452	0.035318317	0.790412088	-0.23520084
1	138	-0.724	-1.448	0.035645113	0.789467392	-0.236396748
1	139	-0.722	-1.444	0.035974934	0.788518648	-0.237599222
1	140	-0.72	-1.44	0.036307805	0.787565841	-0.238808304
1	141	-0.718	-1.436	0.036643757	0.786608955	-0.240024034
1	142	-0.716	-1.432	0.036982818	0.785647978	-0.241246453
1	143	-0.714	-1.428	0.037325016	0.784682893	-0.242475601
1	144	-0.712	-1.424	0.03767038	0.783713687	-0.243711521
1	145	-0.71	-1.42	0.03801894	0.782740345	-0.244954254
1	146	-0.708	-1.416	0.038370725	0.781762852	-0.246203842
1	147	-0.706	-1.412	0.038725764	0.780781195	-0.247460328
1	148	-0.704	-1.408	0.03908409	0.779795358	-0.248723755
1	149	-0.702	-1.404	0.03944573	0.778805328	-0.249994165
1	150	-0.7	-1.4	0.039810717	0.777811088	-0.251271601
1	151	-0.698	-1.396	0.040179081	0.776812626	-0.252556108
1	152	-0.696	-1.392	0.040550854	0.775809926	-0.253847729
1	153	-0.694	-1.388	0.040926066	0.774802975	-0.255146508
1	154	-0.692	-1.384	0.04130475	0.773791756	-0.25645249
1	155	-0.69	-1.38	0.041686938	0.772776257	-0.257765721
1	156	-0.688	-1.376	0.042072663	0.771756461	-0.259086244
1	157	-0.686	-1.372	0.042461956	0.770732356	-0.260414105
1	158	-0.684	-1.368	0.042854852	0.769703925	-0.261749351
1	159	-0.682	-1.364	0.043251383	0.768671156	-0.263092027
1	160	-0.68	-1.36	0.043651583	0.767634032	-0.26444218
1	161	-0.678	-1.356	0.044055486	0.76659254	-0.265799857
1	162	-0.676	-1.352	0.044463127	0.765546666	-0.267165105
1	163	-0.674	-1.348	0.044874539	0.764496394	-0.268537971
1	164	-0.672	-1.344	0.045289758	0.76344171	-0.269918503
1	165	-0.67	-1.34	0.045708819	0.7623826	-0.27130675
1	166	-0.668	-1.336	0.046131757	0.761319049	-0.272702759
1	167	-0.666	-1.332	0.046558609	0.760251043	-0.274106581
1	168	-0.664	-1.328	0.046989411	0.759178567	-0.275518263
1	169	-0.662	-1.324	0.047424199	0.758101607	-0.276937856
1	170	-0.66	-1.32	0.047863009	0.757020149	-0.278365409
1	171	-0.658	-1.316	0.04830588	0.755934177	-0.279800974
1	172	-0.656	-1.312	0.048752849	0.754843679	-0.281244599
1	173	-0.654	-1.308	0.049203954	0.753748638	-0.282696338
1	174	-0.652	-1.304	0.049659232	0.752649042	-0.28415624
1	175	-0.65	-1.3	0.050118723	0.751544875	-0.285624358
1	176	-0.648	-1.296	0.050582466	0.750436123	-0.287100744
1	177	-0.646	-1.292	0.0510505	0.749322773	-0.28858545
1	178	-0.644	-1.288	0.051522864	0.748204809	-0.290078529
1	179	-0.642	-1.284	0.0519996	0.747082218	-0.291580035
1	180	-0.64	-1.28	0.052480746	0.745954985	-0.293090022
1	181	-0.638	-1.276	0.052966344	0.744823097	-0.294608543
1	182	-0.636	-1.272	0.053456436	0.743686538	-0.296135652
1	183	-0.634	-1.268	0.053951062	0.742545296	-0.297671406
1	184	-0.632	-1.264	0.054450265	0.741399355	-0.299215858
1	185	-0.63	-1.26	0.054954087	0.740248702	-0.300769065
1	186	-0.628	-1.256	0.055462571	0.739093323	-0.302331083
1	187	-0.626	-1.252	0.05597576	0.737933204	-0.303901969
1	188	-0.624	-1.248	0.056493697	0.73676833	-0.305481778
1	189	-0.622	-1.244	0.057016427	0.735598688	-0.307070569
1	190	-0.62	-1.24	0.057543994	0.734424265	-0.3086684
1	191	-0.618	-1.236	0.058076442	0.733245046	-0.310275328
1	192	-0.616	-1.232	0.058613816	0.732061017	-0.311891412
1	193	-0.614	-1.228	0.059156163	0.730872165	-0.313516711
1	194	-0.612	-1.224	0.059703529	0.729678476	-0.315151286
1	195	-0.61	-1.22	0.060255959	0.728479937	-0.316795194
1	196	-0.608	-1.216	0.0608135	0.727276533	-0.318448498
1	197	-0.606	-1.212	0.061376201	0.726068252	-0.320111258
1	198	-0.604	-1.208	0.061944108	0.724855079	-0.321783535
1	199	-0.602	-1.204	0.062517269	0.723637002	-0.323465391
1	200	-0.6	-1.2	0.063095734	0.722414007	-0.325156887
1	201	-0.598	-1.196	0.063679552	0.721186081	-0.326858088
1	202	-0.596	-1.192	0.064268772	0.71995321	-0.328569055
1	203	-0.594	-1.188	0.064863443	0.718715381	-0.330289853
1	204	-0.592	-1.184	0.065463617	0.717472582	-0.332020546
1	205	-0.59	-1.18	0.066069345	0.716224797	-0.333761198
1	206	-0.588	-1.176	0.066680677	0.714972017	-0.335511874
1	207	-0.586	-1.172	0.067297666	0.713714227	-0.337272639
1	208	-0.584	-1.168	0.067920363	0.712451414	-0.33904356
1	209	-0.582	-1.164	0.068548823	0.711183565	-0.340824703
1	210	-0.58	-1.16	0.069183097	0.709910669	-0.342616135
1	211	-0.578	-1.156	0.06982324	0.708632711	-0.344417924
1	212	-0.576	-1.152	0.070469307	0.707349681	-0.346230138
1	213	-0.574	-1.148	0.071121351	0.706061564	-0.348052844
1	214	-0.572	-1.144	0.071779429	0.704768349	-0.349886113
1	215	-0.57	-1.14	0.072443596	0.703470023	-0.351730014
1	216	-0.568	-1.136	0.073113908	0.702166575	-0.353584617
1	217	-0.566	-1.132	0.073790423	0.700857992	-0.355449992
1	218	-0.564	-1.128	0.074473197	0.699544261	-0.357326211
1	219	-0.562	-1.124	0.075162289	0.698225372	-0.359213346
1	220	-0.56	-1.12	0.075857758	0.696901312	-0.361111468
1	221	-0.558	-1.116	0.076559661	0.695572069	-0.36302065
1	222	-0.556	-1.112	0.077268059	0.694237633	-0.364940967
1	223	-0.554	-1.108	0.077983011	0.69289799	-0.366872491
1	224	-0.552	-1.104	0.078704579	0.691553131	-0.368815297
1	225	-0.55	-1.1	0.079432823	0.690203042	-0.37076946
1	226	-0.548	-1.096	0.080167806	0.688847714	-0.372735057
1	227	-0.546	-1.092	0.08090959	0.687487135	-0.374712162
1	228	-0.544	-1.088	0.081658237	0.686121294	-0.376700853
1	229	-0.542	-1.084	0.082413812	0.684750181	-0.378701207
1	230	-0.54	-1.08	0.083176377	0.683373783	-0.380713302
1	231	-0.538	-1.076	0.083945999	0.681992092	-0.382737217
1	232	-0.536	-1.072	0.084722741	0.680605096	-0.38477303
1	233	-0.534	-1.068	0.085506671	0.679212784	-0.386820822
1	234	-0.532	-1.064	0.086297855	0.677815147	-0.388880673
1	235	-0.53	-1.06	0.087096359	0.676412174	-0.390952663
1	236	-0.528	-1.056	0.087902252	0.675003856	-0.393036875
1	237	-0.526	-1.052	0.088715601	0.673590182	-0.395133391
1	238	-0.524	-1.048	0.089536477	0.672171143	-0.397242293
1	239	-0.522	-1.044	0.090364947	0.67074673	-0.399363665
1	240	-0.52	-1.04	0.091201084	0.669316931	-0.401497592
1	241	-0.518	-1.036	0.092044957	0.66788174	-0.403644157
1	242	-0.516	-1.032	0.092896639	0.666441145	-0.405803447
1	243	-0.514	-1.028	0.093756201	0.664995139	-0.407975548
1	244	-0.512	-1.024	0.094623716	0.663543713	-0.410160546
1	245	-0.51	-1.02	0.095499259	0.662086857	-0.412358528
1	246	-0.508	-1.016	0.096382902	0.660624563	-0.414569584
1	247	-0.506	-1.012	0.097274722	0.659156823	-0.416793801
1	248	-0.504	-1.008	0.098174794	0.657683629	-0.41903127
1	249	-0.502	-1.004	0.099083194	0.656204973	-0.42128208
1	250	-0.5	-1	0.1	0.654720846	-0.423546323
1	251	-0.498	-0.996	0.100925289	0.653231242	-0.42582409
1	252	-0.496	-0.992	0.101859139	0.651736152	-0.428115473
1	253	-0.494	-0.988	0.10280163	0.65023557	-0.430420566
1	254	-0.492	-0.984	0.103752842	0.648729488	-0.432739462
1	255	-0.49	-0.98	0.104712855	0.6472179	-0.435072256
1	256	-0.488	-0.976	0.105681751	0.645700798	-0.437419043
1	257	-0.486	-0.972	0.106659612	0.644178177	-0.439779919
1	258	-0.484	-0.968	0.107646521	0.642650029	-0.442154981
1	259	-0.482	-0.964	0.108642562	0.641116349	-0.444544327
1	260	-0.48	-0.96	0.10964782	0.639577131	-0.446948054
1	261	-0.478	-0.956	0.110662378	0.638032369	-0.449366262
1	262	-0.476	-0.952	0.111686325	0.636482058	-0.45179905
1	263	-0.474	-0.948	0.112719746	0.634926192	-0.45424652
1	264	-0.472	-0.944	0.113762729	0.633364766	-0.456708772
1	265	-0.47	-0.94	0.114815362	0.631797777	-0.45918591
1	266	-0.468	-0.936	0.115877736	0.630225218	-0.461678035
1	267	-0.466	-0.932	0.116949939	0.628647085	-0.464185253
1	268	-0.464	-0.928	0.118032064	0.627063375	-0.466707667
1	269	-0.462	-0.924	0.119124201	0.625474084	-0.469245382
1	270	-0.46	-0.92	0.120226443	0.623879208	-0.471798507
1	271	-0.458	-0.916	0.121338885	0.622278743	-0.474367147
1	272	-0.456	-0.912	0.12246162	0.620672687	-0.47695141
1	273	-0.454	-0.908	0.123594743	0.619061036	-0.479551406
1	274	-0.452	-0.904	0.124738351	0.617443789	-0.482167245
1	275	-0.45	-0.9	0.125892541	0.615820942	-0.484799036
1	276	-0.448	-0.896	0.127057411	0.614192494	-0.487446892
1	277	-0.446	-0.892	0.128233058	0.612558443	-0.490110925
1	278	-0.444	-0.888	0.129419584	0.610918786	-0.492791248
1	279	-0.442	-0.884	0.130617089	0.609273524	-0.495487975
1	280	-0.44	-0.88	0.131825674	0.607622655	-0.498201223
1	281	-0.438	-0.876	0.133045442	0.605966179	-0.500931105
1	282	-0.436	-0.872	0.134276496	0.604304094	-0.503677741
1	283	-0.434	-0.868	0.135518941	0.602636401	-0.506441247
1	284	-0.432	-0.864	0.136772883	0.600963101	-0.509221742
1	285	-0.43	-0.86	0.138038426	0.599284193	-0.512019347
1	286	-0.428	-0.856	0.13931568	0.597599679	-0.514834182
1	287	-0.426	-0.852	0.140604752	0.59590956	-0.517666369
1	288	-0.424	-0.848	0.141905752	0.594213836	-0.520516031
1	289	-0.422	-0.844	0.14321879	0.592512511	-0.523383291
1	290	-0.42	-0.84	0.144543977	0.590805586	-0.526268273
1	291	-0.418	-0.836	0.145881426	0.589093063	-0.529171105
1	292	-0.416	-0.832	0.14723125	0.587374946	-0.532091913
1	293	-0.414	-0.828	0.148593564	0.585651238	-0.535030824
1	294	-0.412	-0.824	0.149968484	0.583921942	-0.537987967
1	295	-0.41	-0.82	0.151356125	0.582187061	-0.540963472
1	296	-0.408	-0.816	0.152756606	0.580446601	-0.54395747
1	297	-0.406	-0.812	0.154170045	0.578700565	-0.546970094
1	298	-0.404	-0.808	0.155596563	0.576948959	-0.550001475
1	299	-0.402	-0.804	0.15703628	0.575191788	-0.553051749
1	300	-0.4	-0.8	0.158489319	0.573429058	-0.55612105
1	301	-0.398	-0.796	0.159955803	0.571660775	-0.559209515
1	302	-0.396	-0.792	0.161435856	0.569886941	-0.562317287
1	303	-0.394	-0.788	0.162929603	0.568107571	-0.565444493
1	304	-0.392	-0.784	0.164437172	0.566322668	-0.568591279
1	305	-0.39	-0.78	0.165958691	0.56453224	-0.571757785
1	306	-0.388	-0.776	0.167494288	0.562736295	-0.574944154
1	307	-0.386	-0.772	0.169044093	0.560934841	-0.578150528
1	308	-0.384	-0.768	0.170608239	0.559127888	-0.581377052
1	309	-0.382	-0.764	0.172186857	0.557315445	-0.584623871
1	310	-0.38	-0.76	0.173780083	0.555497521	-0.587891132
1	311	-0.378	-0.756	0.17538805	0.553674127	-0.591178984
1	312	-0.376	-0.752	0.177010896	0.551845273	-0.594487574
1	313	-0.374	-0.748	0.178648757	0.550010971	-0.597817054
1	314	-0.372	-0.744	0.180301774	0.548171231	-0.601167575
1	315	-0.37	-0.74	0.181970086	0.546326067	-0.60453929
1	316	-0.368	-0.736	0.183653834	0.54447549	-0.607932352
1	317	-0.366	-0.732	0.185353162	0.542619512	-0.611346918
1	318	-0.364	-0.728	0.187068214	0.540758149	-0.614783145
1	319	-0.362	-0.724	0.188799135	0.538891413	-0.618241189
1	320	-0.36	-0.72	0.190546072	0.537019319	-0.62172121
1	321	-0.358	-0.716	0.192309173	0.535141881	-0.625223369
1	322	-0.356	-0.712	0.194088588	0.533259115	-0.628747828
1	323	-0.354	-0.708	0.195884467	0.531371038	-0.632294749
1	324	-0.352	-0.704	0.197696964	0.529477664	-0.635864299
1	325	-0.35	-0.7	0.199526231	0.527579011	-0.639456641
1	326	-0.348	-0.696	0.201372425	0.525675096	-0.643071945
1	327	-0.346	-0.692	0.203235701	0.523765938	-0.646710378
1	328	-0.344	-0.688	0.205116218	0.521851554	-0.650372111
1	329	-0.342	-0.684	0.207014135	0.519931964	-0.654057315
1	330	-0.34	-0.68	0.208929613	0.518007187	-0.657766163
1	331	-0.338	-0.676	0.210862815	0.516077243	-0.66149883
1	332	-0.336	-0.672	0.212813905	0.514142152	-0.665255491
1	333	-0.334	-0.668	0.214783047	0.512201936	-0.669036325
1	334	-0.332	-0.664	0.21677041	0.510256617	-0.672841509
1	335	-0.33	-0.66	0.218776162	0.508306217	-0.676671224
1	336	-0.328	-0.656	0.220800473	0.506350758	-0.680525653
1	337	-0.326	-0.652	0.222843515	0.504390264	-0.684404977
1	338	-0.324	-0.648	0.224905461	0.502424759	-0.688309383
1	339	-0.322	-0.644	0.226986485	0.500454268	-0.692239056
1	340	-0.32	-0.64	0.229086765	0.498478816	-0.696194185
1	341	-0.318	-0.636	0.231206479	0.496498429	-0.70017496
1	342	-0.316	-0.632	0.233345806	0.494513133	-0.70418157
1	343	-0.314	-0.628	0.235504928	0.492522955	-0.708214211
1	344	-0.312	-0.624	0.237684029	0.490527923	-0.712273074
1	345	-0.31	-0.62	0.239883292	0.488528065	-0.716358358
1	346	-0.308	-0.616	0.242102905	0.48652341	-0.720470259
1	347	-0.306	-0.612	0.244343055	0.484513988	-0.724608977
1	348	-0.304	-0.608	0.246603934	0.482499829	-0.728774713
1	349	-0.302	-0.604	0.248885732	0.480480963	-0.73296767
1	350	-0.3	-0.6	0.251188643	0.478457423	-0.737188051
1	351	-0.298	-0.596	0.253512863	0.476429241	-0.741436065
1	352	-0.296	-0.592	0.255858589	0.474396449	-0.745711917
1	353	-0.294	-0.588	0.258226019	0.47235908	-0.750015819
1	354	-0.292	-0.584	0.260615355	0.47031717	-0.754347982
1	355	-0.29	-0.58	0.263026799	0.468270753	-0.758708618
1	356	-0.288	-0.576	0.265460556	0.466219865	-0.763097943
1	357	-0.286	-0.572	0.267916832	0.464164541	-0.767516175
1	358	-0.284	-0.568	0.270395836	0.46210482	-0.771963531
1	359	-0.282	-0.564	0.272897778	0.460040738	-0.776440233
1	360	-0.28	-0.56	0.27542287	0.457972334	-0.780946502
1	361	-0.278	-0.556	0.277971327	0.455899648	-0.785482564
1	362	-0.276	-0.552	0.280543364	0.453822719	-0.790048645
1	363	-0.274	-0.548	0.2831392	0.451741587	-0.794644972
1	364	-0.272	-0.544	0.285759054	0.449656295	-0.799271777
1	365	-0.27	-0.54	0.28840315	0.447566884	-0.803929291
1	366	-0.268	-0.536	0.291071712	0.445473397	-0.808617749
1	367	-0.266	-0.532	0.293764965	0.443375878	-0.813337386
1	368	-0.264	-0.528	0.296483139	0.44127437	-0.818088442
1	369	-0.262	-0.524	0.299226464	0.43916892	-0.822871155
1	370	-0.26	-0.52	0.301995172	0.437059573	-0.827685769
1	371	-0.258	-0.516	0.304789499	0.434946369	-0.832532545
1	372	-0.256	-0.512	0.307609681	0.432829369	-0.837411696
1	373	-0.254	-0.508	0.310455959	0.430708614	-0.842323488
1	374	-0.252	-0.504	0.313328572	0.428584153	-0.84726817
1	375	-0.25	-0.5	0.316227766	0.426456037	-0.852245996
1	376	-0.248	-0.496	0.319153786	0.424324316	-0.85725722
1	377	-0.246	-0.492	0.322106879	0.422189041	-0.862302101
1	378	-0.244	-0.488	0.325087297	0.420050265	-0.867380897
1	379	-0.242	-0.484	0.328095293	0.41790804	-0.87249387
1	380	-0.24	-0.48	0.331131121	0.415762421	-0.877641285
1	381	-0.238	-0.476	0.33419504	0.413613463	-0.882823406
1	382	-0.236	-0.472	0.337287309	0.41146122	-0.888040504
1	383	-0.234	-0.468	0.34040819	0.409305749	-0.893292849
1	384	-0.232	-0.464	0.343557948	0.407147108	-0.898580714
1	385	-0.23	-0.46	0.34673685	0.404985354	-0.903904375
1	386	-0.228	-0.456	0.349945167	0.402820547	-0.909264109
1	387	-0.226	-0.452	0.35318317	0.400652746	-0.914660198
1	388	-0.224	-0.448	0.356451133	0.398482011	-0.920092923
1	389	-0.222	-0.444	0.359749335	0.396308405	-0.925562571
1	390	-0.22	-0.44	0.363078055	0.394131989	-0.931069429
1	391	-0.218	-0.436	0.366437575	0.391952827	-0.936613787
1	392	-0.216	-0.432	0.36982818	0.389770982	-0.942195938
1	393	-0.214	-0.428	0.373250158	0.38758652	-0.947816178
1	394	-0.212	-0.424	0.376703799	0.385399507	-0.953474803
1	395	-0.21	-0.42	0.380189396	0.383210008	-0.959172116
1	396	-0.208	-0.416	0.383707245	0.381018092	-0.964908419
1	397	-0.206	-0.412	0.387257645	0.378823828	-0.970684017
1	398	-0.204	-0.408	0.390840896	0.376627283	-0.976499219
1	399	-0.202	-0.404	0.394457302	0.374428529	-0.982354337
1	400	-0.2	-0.4	0.398107171	0.372227637	-0.988249684
1	401	-0.198	-0.396	0.401790811	0.370024679	-0.994185576
1	402	-0.196	-0.392	0.405508535	0.367819727	-1.000162333
1	403	-0.194	-0.388	0.40926066	0.365612855	-1.006180278
1	404	-0.192	-0.384	0.413047502	0.363404138	-1.012239735
1	405	-0.19	-0.38	0.416869383	0.361193652	-1.018341032
1	406	-0.188	-0.376	0.420726628	0.358981473	-1.024484499
1	407	-0.186	-0.372	0.424619564	0.356767678	-1.030670471
1	408	-0.184	-0.368	0.42854852	0.354552345	-1.036899284
1	409	-0.182	-0.364	0.432513831	0.352335555	-1.043171277
1	410	-0.18	-0.36	0.436515832	0.350117386	-1.049486793
1	411	-0.178	-0.356	0.440554864	0.34789792	-1.055846177
1	412	-0.176	-0.352	0.444631267	0.345677238	-1.062249778
1	413	-0.174	-0.348	0.44874539	0.343455424	-1.068697947
1	414	-0.172	-0.344	0.45289758	0.34123256	-1.075191039
1	415	-0.17	-0.34	0.45708819	0.339008733	-1.081729412
1	416	-0.168	-0.336	0.461317575	0.336784026	-1.088313427
1	417	-0.166	-0.332	0.465586094	0.334558527	-1.094943448
1	418	-0.164	-0.328	0.469894109	0.332332322	-1.101619842
1	419	-0.162	-0.324	0.474241985	0.3301055	-1.10834298
1	420	-0.16	-0.32	0.478630092	0.327878149	-1.115113235
1	421	-0.158	-0.316	0.483058802	0.325650361	-1.121930986
1	422	-0.156	-0.312	0.48752849	0.323422225	-1.128796612
1	423	-0.154	-0.308	0.492039536	0.321193821	-1.135710536
1	424	-0.152	-0.304	0.496592321	0.318965264	-1.142673071
1	425	-0.15	-0.3	0.501187234	0.316736937	-1.149683701
1	426	-0.148	-0.296	0.505824662	0.314508315	-1.156744766
1	427	-0.146	-0.292	0.510505	0.312279813	-1.163855656
1	428	-0.144	-0.288	0.515228645	0.310051528	-1.171016774
1	429	-0.142	-0.284	0.519995997	0.307823625	-1.178228307
1	430	-0.14	-0.28	0.52480746	0.305596061	-1.185491111
1	431	-0.138	-0.276	0.529663444	0.303369008	-1.192805368
1	432	-0.136	-0.272	0.534564359	0.301142564	-1.200171492
1	433	-0.134	-0.268	0.539510623	0.29891683	-1.207589904
1	434	-0.132	-0.264	0.544502653	0.29669197	-1.215060815
1	435	-0.13	-0.26	0.549540874	0.294467956	-1.222585089
1	436	-0.128	-0.256	0.554625713	0.292244958	-1.230162931
1	437	-0.126	-0.252	0.559757601	0.290023079	-1.237794776
1	438	-0.124	-0.248	0.564936975	0.287802424	-1.245481062
1	439	-0.122	-0.244	0.570164272	0.285583158	-1.253222022
1	440	-0.12	-0.24	0.575439937	0.283365262	-1.261018534
1	441	-0.118	-0.236	0.580764418	0.281148908	-1.268870827
1	442	-0.116	-0.232	0.586138165	0.278934204	-1.276779354
1	443	-0.114	-0.228	0.591561634	0.276721257	-1.284744573
1	444	-0.112	-0.224	0.597035287	0.274510233	-1.292766738
1	445	-0.11	-0.22	0.602559586	0.272301125	-1.300846748
1	446	-0.108	-0.216	0.608135001	0.270094103	-1.308984849
1	447	-0.106	-0.212	0.613762005	0.26788928	-1.317181518
1	448	-0.104	-0.208	0.619441075	0.265686767	-1.325437234
1	449	-0.102	-0.204	0.625172693	0.263486732	-1.333752267
1	450	-0.1	-0.2	0.630957344	0.261289173	-1.342127544
1	451	-0.098	-0.196	0.636795521	0.259094264	-1.35056333
1	452	-0.096	-0.192	0.642687717	0.25690212	-1.359060123
1	453	-0.094	-0.188	0.648634434	0.254712856	-1.367618423
1	454	-0.092	-0.184	0.654636174	0.252526588	-1.376238738
1	455	-0.09	-0.18	0.660693448	0.250343483	-1.384921371
1	456	-0.088	-0.176	0.666806769	0.248163554	-1.39366726
1	457	-0.086	-0.172	0.672976656	0.245986972	-1.402476706
1	458	-0.084	-0.168	0.679203633	0.243813855	-1.411350233
1	459	-0.082	-0.164	0.685488226	0.241644324	-1.420288371
1	460	-0.08	-0.16	0.691830971	0.239478496	-1.429291653
1	461	-0.078	-0.156	0.698232404	0.23731654	-1.438360417
1	462	-0.076	-0.152	0.704693069	0.235158478	-1.447495619
1	463	-0.074	-0.148	0.711213514	0.233004481	-1.456697594
1	464	-0.072	-0.144	0.717794291	0.230854671	-1.465966895
1	465	-0.07	-0.14	0.72443596	0.228709171	-1.47530408
1	466	-0.068	-0.136	0.731139083	0.226568101	-1.484709712
1	467	-0.066	-0.132	0.73790423	0.22443163	-1.494184162
1	468	-0.064	-0.128	0.744731974	0.222299788	-1.503728411
1	469	-0.062	-0.124	0.751622894	0.220172747	-1.513342827
1	470	-0.06	-0.12	0.758577575	0.218050631	-1.523027993
1	471	-0.058	-0.116	0.765596607	0.215933563	-1.532784499
1	472	-0.056	-0.112	0.772680585	0.213821668	-1.542612938
1	473	-0.054	-0.108	0.779830111	0.211715071	-1.552513911
1	474	-0.052	-0.104	0.78704579	0.209613937	-1.562487834
1	475	-0.05	-0.1	0.794328235	0.207518309	-1.572535706
1	476	-0.048	-0.096	0.801678063	0.205428355	-1.582657944
1	477	-0.046	-0.092	0.809095899	0.2033442	-1.592855167
1	478	-0.044	-0.088	0.816582371	0.201265971	-1.603128005
1	479	-0.042	-0.084	0.824138115	0.199193794	-1.61347709
1	480	-0.04	-0.08	0.831763771	0.197127832	-1.623902865
1	481	-0.038	-0.076	0.839459987	0.195068134	-1.634406378
1	482	-0.036	-0.072	0.847227414	0.193014865	-1.644988071
1	483	-0.034	-0.068	0.855066713	0.190968154	-1.6556486
1	484	-0.032	-0.064	0.862978548	0.188928125	-1.666388628
1	485	-0.03	-0.06	0.87096359	0.186894905	-1.677208823
1	486	-0.028	-0.056	0.879022517	0.184868622	-1.68810986
1	487	-0.026	-0.052	0.887156012	0.182849399	-1.699092419
1	488	-0.024	-0.048	0.895364766	0.180837398	-1.710157005
1	489	-0.022	-0.044	0.903649474	0.178832675	-1.721304686
1	490	-0.02	-0.04	0.912010839	0.176835392	-1.732535967
1	491	-0.018	-0.036	0.920449572	0.174845674	-1.743851554
1	492	-0.016	-0.032	0.928966387	0.172863648	-1.75525216
1	493	-0.014	-0.028	0.937562007	0.170889436	-1.766738502
1	494	-0.012	-0.024	0.946237161	0.168923166	-1.778311306
1	495	-0.01	-0.02	0.954992586	0.166964992	-1.789971119
1	496	-0.008	-0.016	0.963829024	0.165014974	-1.80171906
1	497	-0.006	-0.012	0.972747224	0.163073269	-1.813555678
1	498	-0.004	-0.008	0.981747943	0.161140001	-1.825481723
1	499	-0.002	-0.004	0.990831945	0.159215292	-1.837497957
1	500	0	0	1	0.157299265	-1.849605143
1	501	0.002	0.004	1.009252886	0.155392042	-1.861804054
1	502	0.004	0.008	1.018591388	0.153493744	-1.874095472
1	503	0.006	0.012	1.028016298	0.151604491	-1.886480181
1	504	0.008	0.016	1.037528416	0.14972443	-1.898958807
1	505	0.01	0.02	1.047128548	0.147853627	-1.911532502
1	506	0.012	0.024	1.056817509	0.145992228	-1.924201892
1	507	0.014	0.028	1.066596121	0.144140351	-1.936967794
1	508	0.016	0.032	1.076465214	0.142298113	-1.949831032
1	509	0.018	0.036	1.086425624	0.140465631	-1.962792436
1	510	0.02	0.04	1.096478196	0.138643021	-1.975852846
1	511	0.022	0.044	1.106623784	0.136830396	-1.989013107
1	512	0.024	0.048	1.116863248	0.135027894	-2.002273902
1	513	0.026	0.052	1.127197456	0.133235579	-2.015636448
1	514	0.028	0.056	1.137627286	0.131453588	-2.029101431
1	515	0.03	0.06	1.148153621	0.129682033	-2.042669728
1	516	0.032	0.064	1.158777356	0.127921021	-2.056342227
1	517	0.034	0.068	1.169499391	0.126170663	-2.07011982
1	518	0.036	0.072	1.180320636	0.124431065	-2.08400341
1	519	0.038	0.076	1.191242008	0.122702334	-2.097993908
1	520	0.04	0.08	1.202264435	0.120984574	-2.112092233
1	521	0.042	0.084	1.21338885	0.119277888	-2.126299311
1	522	0.044	0.088	1.224616199	0.117582399	-2.14061592
1	523	0.046	0.092	1.235947433	0.115898168	-2.155043331
1	524	0.048	0.096	1.247383514	0.114225315	-2.169582329
1	525	0.05	0.1	1.258925412	0.112563939	-2.184233876
1	526	0.052	0.104	1.270574105	0.110914134	-2.198998941
1	527	0.054	0.108	1.282330583	0.109275998	-2.213878506
1	528	0.056	0.112	1.294195841	0.107649623	-2.228873557
1	529	0.058	0.116	1.306170888	0.106035101	-2.243985094
1	530	0.06	0.12	1.318256739	0.104432524	-2.259214122
1	531	0.062	0.124	1.330454418	0.102841978	-2.274561659
1	532	0.064	0.128	1.342764961	0.101263568	-2.290028576
1	533	0.066	0.132	1.355189412	0.099697346	-2.305616225
1	534	0.068	0.136	1.367728826	0.098143412	-2.321325486
1	535	0.07	0.14	1.380384265	0.096601847	-2.337157413
1	536	0.072	0.144	1.393156803	0.095072733	-2.353113072
1	537	0.074	0.148	1.406047524	0.093556146	-2.369193534
1	538	0.076	0.152	1.419057522	0.092052162	-2.385399884
1	539	0.078	0.156	1.432187899	0.090560856	-2.401733216
1	540	0.08	0.16	1.445439771	0.089082299	-2.418194632
1	541	0.082	0.164	1.45881426	0.087616561	-2.434785247
1	542	0.084	0.168	1.472312502	0.08616371	-2.451506185
1	543	0.086	0.172	1.485935642	0.084723825	-2.468358435
1	544	0.088	0.176	1.499684836	0.083296942	-2.485343441
1	545	0.09	0.18	1.513561248	0.081883137	-2.502462204
1	546	0.092	0.184	1.527566058	0.080482469	-2.51971589
1	547	0.094	0.188	1.541700453	0.079094995	-2.537105676
1	548	0.096	0.192	1.555965632	0.07772077	-2.55463275
1	549	0.098	0.196	1.570362804	0.076359845	-2.57229831
1	550	0.1	0.2	1.584893192	0.075012271	-2.590103567
1	551	0.102	0.204	1.599558029	0.073678095	-2.608049741
1	552	0.104	0.208	1.614358557	0.072357363	-2.626138064
1	553	0.106	0.212	1.629296033	0.071050117	-2.644369781
1	554	0.108	0.216	1.644371723	0.069756397	-2.662746146
1	555	0.11	0.22	1.659586907	0.068476251	-2.68126829
1	556	0.112	0.224	1.674942876	0.067209695	-2.699937773
1	557	0.114	0.228	1.690440932	0.065956771	-2.718755738
1	558	0.116	0.232	1.706082389	0.064717509	-2.73772349
1	559	0.118	0.236	1.721868575	0.063491938	-2.756842341
1	560	0.12	0.24	1.737800829	0.062280082	-2.776113618
1	561	0.122	0.244	1.753880502	0.061081963	-2.795538661
1	562	0.124	0.248	1.770108958	0.059897601	-2.815118819
1	563	0.126	0.252	1.786487575	0.058727014	-2.834855458
1	564	0.128	0.256	1.803017741	0.057570215	-2.854749952
1	565	0.13	0.26	1.819700859	0.056427216	-2.874803691
1	566	0.132	0.264	1.836538343	0.055298025	-2.895018076
1	567	0.134	0.268	1.853531623	0.05418265	-2.915394524
1	568	0.136	0.272	1.87068214	0.053081101	-2.935934331
1	569	0.138	0.276	1.887991349	0.051993363	-2.956639206
1	570	0.14	0.28	1.905460718	0.050919442	-2.977510466
1	571	0.142	0.284	1.923091729	0.049859333	-2.998549577
1	572	0.144	0.288	1.940885878	0.048813029	-3.019758023
1	573	0.146	0.292	1.958844674	0.047780518	-3.041137298
1	574	0.148	0.296	1.97696964	0.046761788	-3.062688911
1	575	0.15	0.3	1.995262315	0.045756822	-3.084414386
1	576	0.152	0.304	2.01372425	0.044765601	-3.10631526
1	577	0.154	0.308	2.032357011	0.043788105	-3.128393084
1	578	0.156	0.312	2.051162179	0.042824307	-3.150649424
1	579	0.158	0.316	2.070141349	0.04187418	-3.173085861
1	580	0.16	0.32	2.089296131	0.040937696	-3.19570399
1	581	0.162	0.324	2.10862815	0.040014819	-3.21850542
1	582	0.164	0.328	2.128139046	0.039105515	-3.241491776
1	583	0.166	0.332	2.147830474	0.038209749	-3.264664582
1	584	0.168	0.336	2.167704105	0.037327471	-3.288025733
1	585	0.17	0.34	2.187761624	0.036458641	-3.311576775
1	586	0.172	0.344	2.208004733	0.035603213	-3.335319394
1	587	0.174	0.348	2.228435149	0.034761136	-3.359255292
1	588	0.176	0.352	2.249054606	0.033932359	-3.383386186
1	589	0.178	0.356	2.269864852	0.033116825	-3.40771381
1	590	0.18	0.36	2.290867653	0.032314478	-3.432239912
1	591	0.182	0.364	2.31206479	0.031525257	-3.456966259
1	592	0.184	0.368	2.333458062	0.030749098	-3.481894633
1	593	0.186	0.372	2.355049284	0.029985935	-3.507026831
1	594	0.188	0.376	2.376840287	0.029235701	-3.53236467
1	595	0.19	0.38	2.398832919	0.028498325	-3.557909982
1	596	0.192	0.384	2.421029047	0.027773732	-3.583664615
1	597	0.194	0.388	2.443430553	0.027061846	-3.609630436
1	598	0.196	0.392	2.466039337	0.02636259	-3.635809329
1	599	0.198	0.396	2.488857318	0.025675881	-3.662203194
1	600	0.2	0.4	2.511886432	0.02500164	-3.68881385
1	601	0.202	0.404	2.53512863	0.024339775	-3.715643442
1	602	0.204	0.408	2.558585887	0.0236902	-3.742693816
1	603	0.206	0.412	2.582260191	0.023052825	-3.769966946
1	604	0.208	0.416	2.60615355	0.022427558	-3.797464822
1	605	0.21	0.42	2.630267992	0.021814302	-3.825189454
1	606	0.212	0.424	2.654605562	0.021212962	-3.853142871
1	607	0.214	0.428	2.679168325	0.020623437	-3.88132712
1	608	0.216	0.432	2.703958364	0.020045627	-3.909744266
1	609	0.218	0.436	2.728977783	0.019479427	-3.938396395
1	610	0.22	0.44	2.754228703	0.018924733	-3.967285612
1	611	0.222	0.444	2.779713268	0.018381436	-3.996414041
1	612	0.224	0.448	2.805433638	0.017849428	-4.025783827
1	613	0.226	0.452	2.831391996	0.017328597	-4.055397133
1	614	0.228	0.456	2.857590543	0.016818831	-4.085256144
1	615	0.23	0.46	2.884031503	0.016320014	-4.115363063
1	616	0.232	0.464	2.910717118	0.015832031	-4.145720116
1	617	0.234	0.468	2.937649652	0.015354763	-4.176329549
1	618	0.236	0.472	2.96483139	0.014888091	-4.207193627
1	619	0.238	0.476	2.992264637	0.014431894	-4.238314639
1	620	0.24	0.48	3.01995172	0.013986051	-4.269694809
1	621	0.242	0.484	3.04789499	0.013550435	-4.301336641
1	622	0.244	0.488	3.076096815	0.013124922	-4.333242397
1	623	0.246	0.492	3.104559588	0.012709387	-4.365414451
1	624	0.248	0.496	3.133285724	0.012303701	-4.3978552
1	625	0.25	0.5	3.16227766	0.011907735	-4.43056706
1	626	0.252	0.504	3.191537855	0.011521361	-4.463552474
1	627	0.254	0.508	3.221068791	0.011144447	-4.496813903
1	628	0.256	0.512	3.250872974	0.010776862	-4.530353836
1	629	0.258	0.516	3.280952931	0.010418473	-4.56417478
1	630	0.26	0.52	3.311311215	0.010069147	-4.598279269
1	631	0.262	0.524	3.3419504	0.00972875	-4.63266986
1	632	0.264	0.528	3.372873087	0.009397147	-4.667349131
1	633	0.266	0.532	3.404081897	0.009074203	-4.702319688
1	634	0.268	0.536	3.435579479	0.008759783	-4.737584159
1	635	0.27	0.54	3.467368505	0.00845375	-4.773145196
1	636	0.272	0.544	3.49945167	0.008155967	-4.809005477
1	637	0.274	0.548	3.531831698	0.007866298	-4.845167704
1	638	0.276	0.552	3.564511334	0.007584606	-4.881634605
1	639	0.278	0.556	3.597493352	0.007310753	-4.918408933
1	640	0.28	0.56	3.630780548	0.007044603	-4.955493465
1	641	0.282	0.564	3.664375746	0.006786018	-4.992891007
1	642	0.284	0.568	3.698281798	0.00653486	-5.030604389
1	643	0.286	0.572	3.732501578	0.006290993	-5.068636399
1	644	0.288	0.576	3.76703799	0.006054279	-5.106990061
1	645	0.29	0.58	3.801893963	0.005824581	-5.145668213
1	646	0.292	0.584	3.837072455	0.005601764	-5.184673792
1	647	0.294	0.588	3.872576449	0.00538569	-5.224009763
1	648	0.296	0.592	3.908408958	0.005176226	-5.263679117
1	649	0.298	0.596	3.944573021	0.004973234	-5.303684875
1	650	0.3	0.6	3.981071706	0.004776582	-5.344030084
1	651	0.302	0.604	4.017908108	0.004586134	-5.384717822
1	652	0.304	0.608	4.055085354	0.004401758	-5.425751192
1	653	0.306	0.612	4.092606597	0.004223322	-5.467133329
1	654	0.308	0.616	4.13047502	0.004050693	-5.508867397
1	655	0.31	0.62	4.168693835	0.00388374	-5.550956587
1	656	0.312	0.624	4.207266284	0.003722335	-5.593404121
1	657	0.314	0.628	4.246195639	0.003566348	-5.636213253
1	658	0.316	0.632	4.285485204	0.003415651	-5.679387263
1	659	0.318	0.636	4.32513831	0.003270117	-5.722929466
1	660	0.32	0.64	4.365158322	0.003129622	-5.766843205
1	661	0.322	0.644	4.405548635	0.002994039	-5.811131855
1	662	0.324	0.648	4.446312675	0.002863247	-5.855798822
1	663	0.326	0.652	4.487453899	0.002737124	-5.900847544
1	664	0.328	0.656	4.528975799	0.002615548	-5.946281491
1	665	0.33	0.66	4.570881896	0.002498401	-5.992104166
1	666	0.332	0.664	4.613175746	0.002385565	-6.038319102
1	667	0.334	0.668	4.655860935	0.002276924	-6.084929868
1	668	0.336	0.672	4.698941086	0.002172362	-6.131940065
1	669	0.338	0.676	4.742419853	0.002071767	-6.179353327
1	670	0.34	0.68	4.786300923	0.001975027	-6.227173322
1	671	0.342	0.684	4.83058802	0.001882031	-6.2754037
1	672	0.344	0.688	4.875284901	0.001792672	-6.324048306
1	673	0.346	0.692	4.920395357	0.001706841	-6.373110855
1	674	0.348	0.696	4.965923215	0.001624435	-6.422595155
1	675	0.35	0.7	5.011872336	0.00154535	-6.472505046
1	676	0.352	0.704	5.05824662	0.001469483	-6.522844407
1	677	0.354	0.708	5.10505	0.001396736	-6.573617151
1	678	0.356	0.712	5.152286446	0.00132701	-6.624827229
1	679	0.358	0.716	5.199959965	0.001260208	-6.676478628
1	680	0.36	0.72	5.248074602	0.001196236	-6.728575371
1	681	0.362	0.724	5.296634439	0.001135001	-6.78112152
1	682	0.364	0.728	5.345643594	0.001076413	-6.834121174
1	683	0.366	0.732	5.395106225	0.001020382	-6.88757847
1	684	0.368	0.736	5.445026528	0.000966821	-6.941497585
1	685	0.37	0.74	5.495408739	0.000915644	-6.995882732
1	686	0.372	0.744	5.54625713	0.000866769	-7.050738167
1	687	0.374	0.748	5.597576015	0.000820113	-7.106068181
1	688	0.376	0.752	5.649369748	0.000775597	-7.161877108
1	689	0.378	0.756	5.701642723	0.000733143	-7.218169322
1	690	0.38	0.76	5.754399373	0.000692675	-7.274949237
1	691	0.382	0.764	5.807644175	0.000654119	-7.332221308
1	692	0.384	0.768	5.861381645	0.000617402	-7.389990032
1	693	0.386	0.772	5.915616342	0.000582454	-7.448259948
1	694	0.388	0.776	5.970352866	0.000549207	-7.507035636
1	695	0.39	0.78	6.025595861	0.000517593	-7.566321719
1	696	0.392	0.784	6.081350013	0.000487547	-7.626122865
1	697	0.394	0.788	6.137620052	0.000459008	-7.686443781
1	698	0.396	0.792	6.194410751	0.000431912	-7.747289223
1	699	0.398	0.796	6.251726928	0.0004062	-7.808663987
1	700	0.4	0.8	6.309573445	0.000381816	-7.870572915
1	701	0.402	0.804	6.367955209	0.000358701	-7.933020896
1	702	0.404	0.808	6.426877173	0.000336803	-7.996012861
1	703	0.406	0.812	6.486344335	0.000316068	-8.059553789
1	704	0.408	0.816	6.546361741	0.000296445	-8.123648706
1	705	0.41	0.82	6.60693448	0.000277885	-8.188302681
1	706	0.412	0.824	6.668067692	0.00026034	-8.253520835
1	707	0.414	0.828	6.729766563	0.000243764	-8.319308333
1	708	0.416	0.832	6.792036326	0.000228113	-8.385670357
1	709	0.418	0.836	6.854882265	0.000213342	-8.452612236
1	710	0.42	0.84	6.918309709	0.000199412	-8.520139248
1	711	0.422	0.844	6.982324041	0.000186281	-8.588256754
1	712	0.424	0.848	7.04693069	0.00017391	-8.656970163
1	713	0.426	0.852	7.112135137	0.000162264	-8.726284938
1	714	0.428	0.856	7.177942913	0.000151306	-8.796206591
1	715	0.43	0.86	7.244359601	0.000141001	-8.866740683
1	716	0.432	0.864	7.311390835	0.000131317	-8.93789283
1	717	0.434	0.868	7.379042301	0.000122222	-9.009668699
1	718	0.436	0.872	7.447319739	0.000113686	-9.082074009
1	719	0.438	0.876	7.51622894	0.000105678	-9.155114533
1	720	0.44	0.88	7.58577575	9.81714E-05	-9.228796097
1	721	0.442	0.884	7.655966069	9.1139E-05	-9.303124582
1	722	0.444	0.888	7.726805851	8.45552E-05	-9.378105922
1	723	0.446	0.892	7.798301105	7.83953E-05	-9.453746108
1	724	0.448	0.896	7.870457897	7.26359E-05	-9.530051186
1	725	0.45	0.9	7.943282347	6.72545E-05	-9.607027257
1	726	0.452	0.904	8.016780634	6.22296E-05	-9.68468048
1	727	0.454	0.908	8.090958992	5.75408E-05	-9.763017072
1	728	0.456	0.912	8.165823714	5.31686E-05	-9.842043305
1	729	0.458	0.916	8.24138115	4.90944E-05	-9.921765512
1	730	0.46	0.92	8.317637711	4.53006E-05	-10.00219008
1	731	0.462	0.924	8.394599865	4.17704E-05	-10.08332347
1	732	0.464	0.928	8.472274141	3.84877E-05	-10.16517218
1	733	0.466	0.932	8.550667129	3.54374E-05	-10.24774278
1	734	0.468	0.936	8.629785478	3.26051E-05	-10.33104191
1	735	0.47	0.94	8.7096359	2.99771E-05	-10.41507626
1	736	0.472	0.944	8.790225168	2.75405E-05	-10.49985259
1	737	0.474	0.948	8.87156012	2.5283E-05	-10.58537771
1	738	0.476	0.952	8.953647655	2.3193E-05	-10.67165849
1	739	0.478	0.956	9.036494737	2.12596E-05	-10.7587019
1	740	0.48	0.96	9.120108394	1.94724E-05	-10.84651494
1	741	0.482	0.964	9.204495718	1.78215E-05	-10.93510468
1	742	0.484	0.968	9.289663868	1.62978E-05	-11.02447826
1	743	0.486	0.972	9.375620069	1.48926E-05	-11.11464289
1	744	0.488	0.976	9.462371614	1.35978E-05	-11.20560584
1	745	0.49	0.98	9.54992586	1.24055E-05	-11.29737446
1	746	0.492	0.984	9.638290236	1.13085E-05	-11.38995615
1	747	0.494	0.988	9.727472238	1.03001E-05	-11.4833584
1	748	0.496	0.992	9.81747943	9.37383E-06	-11.57758874
1	749	0.498	0.996	9.908319449	8.52374E-06	-11.6726548
1	750	0.5	1	10	7.74422E-06	-11.76856426
1	751	0.502	1.004	10.09252886	7.02999E-06	-11.86532488
1	752	0.504	1.008	10.18591388	6.37616E-06	-11.96294451
1	753	0.506	1.012	10.28016298	5.77813E-06	-12.06143103
1	754	0.508	1.016	10.37528416	5.23161E-06	-12.16079243
1	755	0.51	1.02	10.47128548	4.7326E-06	-12.26103675
1	756	0.512	1.024	10.56817509	4.27737E-06	-12.36217213
1	757	0.514	1.028	10.66596121	3.86246E-06	-12.46420677
1	758	0.516	1.032	10.76465214	3.48463E-06	-12.56714895
1	759	0.518	1.036	10.86425624	3.14088E-06	-12.671007
1	760	0.52	1.04	10.96478196	2.82843E-06	-12.77578938
1	761	0.522	1.044	11.06623784	2.54468E-06	-12.8815046
1	762	0.524	1.048	11.16863248	2.28725E-06	-12.98816124
1	763	0.526	1.052	11.27197456	2.0539E-06	-13.09576798
1	764	0.528	1.056	11.37627286	1.8426E-06	-13.20433355
1	765	0.53	1.06	11.48153621	1.65143E-06	-13.31386679
1	766	0.532	1.064	11.58777356	1.47866E-06	-13.42437662
1	767	0.534	1.068	11.69499391	1.32265E-06	-13.53587202
1	768	0.536	1.072	11.80320636	1.18193E-06	-13.64836209
1	769	0.538	1.076	11.91242008	1.05512E-06	-13.76185597
1	770	0.54	1.08	12.02264435	9.40962E-07	-13.87636293
1	771	0.542	1.084	12.1338885	8.38298E-07	-13.99189229
1	772	0.544	1.088	12.24616199	7.46065E-07	-14.10845347
1	773	0.546	1.092	12.35947433	6.63288E-07	-14.22605598
1	774	0.548	1.096	12.47383514	5.89077E-07	-14.34470942
1	775	0.55	1.1	12.58925412	5.22614E-07	-14.46442347
1	776	0.552	1.104	12.70574105	4.63153E-07	-14.58520791
1	777	0.554	1.108	12.82330583	4.10015E-07	-14.7070726
1	778	0.556	1.112	12.94195841	3.62578E-07	-14.83002751
1	779	0.558	1.116	13.06170888	3.20276E-07	-14.95408267
1	780	0.56	1.12	13.18256739	2.82596E-07	-15.07924823
1	781	0.562	1.124	13.30454418	2.49069E-07	-15.20553443
1	782	0.564	1.128	13.42764961	2.19272E-07	-15.3329516
1	783	0.566	1.132	13.55189412	1.9282E-07	-15.46151017
1	784	0.568	1.136	13.67728826	1.69363E-07	-15.59122066
1	785	0.57	1.14	13.80384265	1.48587E-07	-15.7220937
1	786	0.572	1.144	13.93156803	1.30207E-07	-15.85413999
1	787	0.574	1.148	14.06047524	1.13965E-07	-15.98737037
1	788	0.576	1.152	14.19057522	9.96307E-08	-16.12179576
1	789	0.578	1.156	14.32187899	8.6994E-08	-16.25742716
1	790	0.58	1.16	14.45439771	7.58676E-08	-16.39427572
1	791	0.582	1.164	14.5881426	6.60831E-08	-16.53235265
1	792	0.584	1.168	14.72312502	5.74892E-08	-16.67166928
1	793	0.586	1.172	14.85935642	4.99503E-08	-16.81223705
1	794	0.588	1.176	14.99684836	4.33453E-08	-16.9540675
1	795	0.59	1.18	15.13561248	3.75658E-08	-17.09717229
1	796	0.592	1.184	15.27566058	3.2515E-08	-17.24156316
1	797	0.594	1.188	15.41700453	2.81069E-08	-17.38725198
1	798	0.596	1.192	15.55965632	2.42645E-08	-17.53425074
1	799	0.598	1.196	15.70362804	2.09198E-08	-17.6825715
1	800	0.6	1.2	15.84893192	1.8012E-08	-17.83222648
1	801	0.602	1.204	15.99558029	1.54876E-08	-17.98322799
1	802	0.604	1.208	16.14358557	1.32988E-08	-18.13558845
1	803	0.606	1.212	16.29296033	1.14038E-08	-18.2893204
1	804	0.608	1.216	16.44371723	9.76524E-09	-18.4444365
1	805	0.61	1.22	16.59586907	8.35046E-09	-18.60094952
1	806	0.612	1.224	16.74942876	7.13059E-09	-18.75887236
1	807	0.614	1.228	16.90440932	6.08026E-09	-18.91821803
1	808	0.616	1.232	17.06082389	5.17721E-09	-19.07899967
1	809	0.618	1.236	17.21868575	4.4019E-09	-19.24123052
1	810	0.62	1.24	17.37800829	3.73722E-09	-19.40492397
1	811	0.622	1.244	17.53880502	3.16823E-09	-19.57009352
1	812	0.624	1.248	17.70108958	2.68187E-09	-19.73675279
1	813	0.626	1.252	17.86487575	2.26676E-09	-19.90491553
1	814	0.628	1.256	18.03017741	1.913E-09	-20.07459564
1	815	0.63	1.26	18.19700859	1.61197E-09	-20.24580711
1	816	0.632	1.264	18.36538343	1.35622E-09	-20.41856409
1	817	0.634	1.268	18.53531623	1.13927E-09	-20.59288085
1	818	0.636	1.272	18.7068214	9.55514E-10	-20.76877178
1	819	0.638	1.276	18.87991349	8.00126E-10	-20.94625143
1	820	0.64	1.28	19.05460718	6.68935E-10	-21.12533447
1	821	0.642	1.284	19.23091729	5.5835E-10	-21.30603569
1	822	0.644	1.288	19.40885878	4.65285E-10	-21.48837005
1	823	0.646	1.292	19.58844674	3.87094E-10	-21.67235263
1	824	0.648	1.296	19.7696964	3.21508E-10	-21.85799864
1	825	0.65	1.3	19.95262315	2.66586E-10	-22.04532346
1	826	0.652	1.304	20.1372425	2.20672E-10	-22.23434258
1	827	0.654	1.308	20.32357011	1.82354E-10	-22.42507166
1	828	0.656	1.312	20.51162179	1.5043E-10	-22.61752649
1	829	0.658	1.316	20.70141349	1.23878E-10	-22.81172301
1	830	0.66	1.32	20.89296131	1.01834E-10	-23.0076773
1	831	0.662	1.324	21.0862815	8.35642E-11	-23.20540561
1	832	0.664	1.328	21.28139046	6.84495E-11	-23.40492432
1	833	0.666	1.332	21.47830474	5.59675E-11	-23.60624997
1	834	0.668	1.336	21.67704105	4.56782E-11	-23.80939926
1	835	0.67	1.34	21.87761624	3.7212E-11	-24.01438902
1	836	0.672	1.344	22.08004733	3.02587E-11	-24.22123627
1	837	0.674	1.348	22.28435149	2.45586E-11	-24.42995816
1	838	0.676	1.352	22.49054606	1.98946E-11	-24.64057201
1	839	0.678	1.356	22.69864852	1.60856E-11	-24.8530953
1	840	0.68	1.36	22.90867653	1.29809E-11	-25.06754568
1	841	0.682	1.364	23.1206479	1.0455E-11	-25.28394095
1	842	0.684	1.368	23.33458062	8.40412E-12	-25.50229908
1	843	0.686	1.372	23.55049284	6.74218E-12	-25.7226382
1	844	0.688	1.376	23.76840287	5.39809E-12	-25.94497663
1	845	0.69	1.38	23.98832919	4.31324E-12	-26.16933283
1	846	0.692	1.384	24.21029047	3.4394E-12	-26.39572545
1	847	0.694	1.388	24.43430553	2.73696E-12	-26.62417331
1	848	0.696	1.392	24.66039337	2.17347E-12	-26.85469541
1	849	0.698	1.396	24.88857318	1.72239E-12	-27.0873109
1	850	0.7	1.4	25.11886432	1.36204E-12	-27.32203913
1	851	0.702	1.404	25.3512863	1.07479E-12	-27.55889964
1	852	0.704	1.408	25.58585887	8.46292E-13	-27.79791212
1	853	0.706	1.412	25.82260191	6.64929E-13	-28.03909647
1	854	0.708	1.416	26.0615355	5.21289E-13	-28.28247275
1	855	0.71	1.42	26.30267992	4.07775E-13	-28.52806122
1	856	0.712	1.424	26.54605562	3.18268E-13	-28.77588234
1	857	0.714	1.428	26.79168325	2.47849E-13	-29.02595673
1	858	0.716	1.432	27.03958364	1.92572E-13	-29.27830522
1	859	0.718	1.436	27.28977783	1.49281E-13	-29.53294883
1	860	0.72	1.44	27.54228703	1.15453E-13	-29.78990878
1	861	0.722	1.444	27.79713268	8.90831E-14	-30.04920647
1	862	0.724	1.448	28.05433638	6.8574E-14	-30.31086352
1	863	0.726	1.452	28.31391996	5.2661E-14	-30.57490173
1	864	0.728	1.456	28.57590543	4.03436E-14	-30.84134312
1	865	0.73	1.46	28.84031503	3.08324E-14	-31.11020989
1	866	0.732	1.464	29.10717118	2.35059E-14	-31.38152447
1	867	0.734	1.468	29.37649652	1.78761E-14	-31.65530948
1	868	0.736	1.472	29.6483139	1.35609E-14	-31.93158777
1	869	0.738	1.476	29.92264637	1.02614E-14	-32.21038238
1	870	0.74	1.48	30.1995172	7.7451E-15	-32.49171657
1	871	0.742	1.484	30.4789499	5.83085E-15	-32.77561383
1	872	0.744	1.488	30.76096815	4.37838E-15	-33.06209784
1	873	0.746	1.492	31.04559588	3.27915E-15	-33.35119253
1	874	0.748	1.496	31.33285724	2.44943E-15	-33.64292202
1	875	0.75	1.5	31.6227766	1.82479E-15	-33.93731068
1	876	0.752	1.504	31.91537855	1.3558E-15	-34.23438308
1	877	0.754	1.508	32.21068791	1.00462E-15	-34.53416406
1	878	0.756	1.512	32.50872974	7.42374E-16	-34.83667863
1	879	0.758	1.516	32.80952931	5.47072E-16	-35.14195209
1	880	0.76	1.52	33.11311215	4.02028E-16	-35.45000994
1	881	0.762	1.524	33.419504	2.9461E-16	-35.76087791
1	882	0.764	1.528	33.72873087	2.15282E-16	-36.07458201
1	883	0.766	1.532	34.04081897	1.56865E-16	-36.39114844
1	884	0.768	1.536	34.35579479	1.13969E-16	-36.71060367
1	885	0.77	1.54	34.67368505	8.25626E-17	-37.03297442
1	886	0.772	1.544	34.9945167	5.96351E-17	-37.35828764
1	887	0.774	1.548	35.31831698	4.29468E-17	-37.68657055
1	888	0.776	1.552	35.64511334	3.08359E-17	-38.01785059
1	889	0.778	1.556	35.97493352	2.20735E-17	-38.35215549
1	890	0.78	1.56	36.30780548	1.57528E-17	-38.68951321
1	891	0.782	1.564	36.64375746	1.12075E-17	-39.02995199
1	892	0.784	1.568	36.98281798	7.94888E-18	-39.37350031
1	893	0.786	1.572	37.32501578	5.62007E-18	-39.72018694
1	894	0.788	1.576	37.6703799	3.96098E-18	-40.07004088
1	895	0.79	1.58	38.01893963	2.78275E-18	-40.42309144
1	896	0.792	1.584	38.37072455	1.9487E-18	-40.77936816
1	897	0.794	1.588	38.72576449	1.3602E-18	-41.13890089
1	898	0.796	1.592	39.08408958	9.46307E-19	-41.50171974
1	899	0.798	1.596	39.44573021	6.56178E-19	-41.86785509
1	900	0.8	1.6	39.81071706	4.53479E-19	-42.23733762
1	901	0.802	1.604	40.17908108	3.12339E-19	-42.61019827
1	902	0.804	1.608	40.55085354	2.14395E-19	-42.9864683
1	903	0.806	1.612	40.92606597	1.46659E-19	-43.36617923
1	904	0.808	1.616	41.3047502	9.99754E-20	-43.74936288
1	905	0.81	1.62	41.68693835	6.79136E-20	-44.13605136
1	906	0.812	1.624	42.07266284	4.5971E-20	-44.5262771
1	907	0.814	1.628	42.46195639	3.1007E-20	-44.92007281
1	908	0.816	1.632	42.85485204	2.08388E-20	-45.3174715
1	909	0.818	1.636	43.2513831	1.39542E-20	-45.7185065
1	910	0.82	1.64	43.65158322	9.30987E-21	-46.12321144
1	911	0.822	1.644	44.05548635	6.18834E-21	-46.53162025
1	912	0.824	1.648	44.46312675	4.09808E-21	-46.9437672
1	913	0.826	1.652	44.87453899	2.70364E-21	-47.35968685
1	914	0.828	1.656	45.28975799	1.7769E-21	-47.77941411
1	915	0.83	1.66	45.70881896	1.16335E-21	-48.20298419
1	916	0.832	1.664	46.13175746	7.58702E-22	-48.63043263
1	917	0.834	1.668	46.55860935	4.92871E-22	-49.0617953
1	918	0.836	1.672	46.98941086	3.18918E-22	-49.4971084
1	919	0.838	1.676	47.42419853	2.05539E-22	-49.93640848
1	920	0.84	1.68	47.86300923	1.31935E-22	-50.37973241
1	921	0.842	1.684	48.3058802	8.43458E-23	-50.82711741
1	922	0.844	1.688	48.75284901	5.37015E-23	-51.27860104
1	923	0.846	1.692	49.20395357	3.40497E-23	-51.73422121
1	924	0.848	1.696	49.65923215	2.14994E-23	-52.19401618
1	925	0.85	1.7	50.11872336	1.35179E-23	-52.65802457
1	926	0.852	1.704	50.5824662	8.46345E-24	-53.12628535
1	927	0.854	1.708	51.0505	5.27619E-24	-53.59883786
1	928	0.856	1.712	51.52286446	3.27501E-24	-54.07572178
1	929	0.858	1.716	51.99959965	2.02398E-24	-54.55697719
1	930	0.86	1.72	52.48074602	1.24533E-24	-55.04264452
1	931	0.862	1.724	52.96634439	7.62828E-25	-55.53276459
1	932	0.864	1.728	53.45643594	4.65177E-25	-56.02737857
1	933	0.866	1.732	53.95106225	2.82384E-25	-56.52652804
1	934	0.868	1.736	54.45026528	1.70638E-25	-57.03025495
1	935	0.87	1.74	54.95408739	1.02637E-25	-57.53860164
1	936	0.872	1.744	55.4625713	6.14477E-26	-58.05161085
1	937	0.874	1.748	55.97576015	3.66155E-26	-58.5693257
1	938	0.876	1.752	56.49369748	2.17151E-26	-59.09178973
1	939	0.878	1.756	57.01642723	1.28167E-26	-59.61904686
1	940	0.88	1.76	57.54399373	7.5282E-27	-60.15114144
1	941	0.882	1.764	58.07644175	4.40033E-27	-60.68811821
1	942	0.884	1.768	58.61381645	2.55941E-27	-61.23002233
1	943	0.886	1.772	59.15616342	1.48127E-27	-61.77689939
1	944	0.888	1.776	59.70352866	8.52998E-28	-62.32879538
1	945	0.89	1.78	60.25595861	4.88723E-28	-62.88575674
1	946	0.892	1.784	60.81350013	2.78585E-28	-63.44783031
1	947	0.894	1.788	61.37620052	1.57983E-28	-64.01506341
1	948	0.896	1.792	61.94410751	8.91258E-29	-64.58750374
1	949	0.898	1.796	62.51726928	5.00165E-29	-65.16519949
1	950	0.9	1.8	63.09573445	2.79203E-29	-65.74819926
1	951	0.902	1.804	63.67955209	1.55025E-29	-66.33655213
1	952	0.904	1.808	64.26877173	8.56124E-30	-66.93030762
1	953	0.906	1.812	64.86344335	4.70223E-30	-67.5295157
1	954	0.908	1.816	65.46361741	2.56851E-30	-68.13422682
1	955	0.91	1.82	66.0693448	1.39523E-30	-68.74449188
1	956	0.912	1.824	66.68067692	7.53663E-31	-69.36036227
1	957	0.914	1.828	67.29766563	4.0481E-31	-69.98188983
1	958	0.916	1.832	67.92036326	2.16195E-31	-70.60912691
1	959	0.918	1.836	68.54882265	1.14799E-31	-71.24212632
1	960	0.92	1.84	69.18309709	6.06044E-32	-71.88094137
1	961	0.922	1.844	69.82324041	3.18069E-32	-72.52562586
1	962	0.924	1.848	70.4693069	1.65945E-32	-73.17623409
1	963	0.926	1.852	71.12135137	8.60624E-33	-73.83282086
1	964	0.928	1.856	71.77942913	4.4365E-33	-74.49544149
1	965	0.93	1.86	72.44359601	2.27313E-33	-75.16415178
1	966	0.932	1.864	73.11390835	1.15754E-33	-75.83900809
1	967	0.934	1.868	73.79042301	5.8581E-34	-76.52006726
1	968	0.936	1.872	74.47319739	2.94617E-34	-77.20738668
1	969	0.938	1.876	75.1622894	1.47236E-34	-77.90102427
1	970	0.94	1.88	75.8577575	7.31144E-35	-78.60103848
1	971	0.942	1.884	76.55966069	3.60741E-35	-79.3074883
1	972	0.944	1.888	77.26805851	1.76835E-35	-80.02043327
1	973	0.946	1.892	77.98301105	8.61177E-36	-80.73993348
1	974	0.948	1.896	78.70457897	4.16624E-36	-81.46604958
1	975	0.95	1.9	79.43282347	2.00215E-36	-82.19884277
1	976	0.952	1.904	80.16780634	9.557E-37	-82.93837483
1	977	0.954	1.908	80.90958992	4.53099E-37	-83.68470809
1	978	0.956	1.912	81.65823714	2.13346E-37	-84.43790549
1	979	0.958	1.916	82.4138115	9.97621E-38	-85.19803053
1	980	0.96	1.92	83.17637711	4.63245E-38	-85.96514729
1	981	0.962	1.924	83.94599865	2.13595E-38	-86.73932047
1	982	0.964	1.928	84.72274141	9.77867E-39	-87.52061535
1	983	0.966	1.932	85.50667129	4.44474E-39	-88.30909781
1	984	0.968	1.936	86.29785478	2.00568E-39	-89.10483436
1	985	0.97	1.94	87.096359	8.9846E-40	-89.9078921
1	986	0.972	1.944	87.90225168	3.99509E-40	-90.71833877
1	987	0.974	1.948	88.7156012	1.76325E-40	-91.53624273
1	988	0.976	1.952	89.53647655	7.72387E-41	-92.36167297
1	989	0.978	1.956	90.36494737	3.35781E-41	-93.19469913
1	990	0.98	1.96	91.20108394	1.4486E-41	-94.03539148
1	991	0.982	1.964	92.04495718	6.20126E-42	-94.88382094
1	992	0.984	1.968	92.89663868	2.63403E-42	-95.74005911
1	993	0.986	1.972	93.75620069	1.11004E-42	-96.60417822
1	994	0.988	1.976	94.62371614	4.6409E-43	-97.47625119
1	995	0.99	1.98	95.4992586	1.92477E-43	-98.35635161
1	996	0.992	1.984	96.38290236	7.91841E-44	-99.24455374
1	997	0.994	1.988	97.27472238	3.23106E-44	-100.1409325
1	998	0.996	1.992	98.1747943	1.30758E-44	-101.0455637
1	999	0.998	1.996	99.08319449	5.24778E-45	-101.9585235
1	1000	1	2	100	2.08849E-45	-102.879889
